J:/: 0.0 1.0 0.0
J:/c: 0.0 1.0 0.0
J:/cr: 0.3333333432674408 0.3333333432674408 0.3333333432674408
J:/crr: 0.0 0.5 0.5
J:/r: 0.3333333432674408 0.3333333432674408 0.3333333432674408
J:/rr: 0.0 0.5 0.5
JJ:/cc/: 0.0 1.0 0.0
JJ:/cc/c: 0.0 1.0 0.0
JJ:/cc/cr: 0.3333333432674408 0.3333333432674408 0.3333333432674408
JJ:/cc/crr: 0.0 0.5 0.5
JJ:/cc/r: 0.3333333432674408 0.3333333432674408 0.3333333432674408
JJ:/cc/rr: 0.0 0.5 0.5
JJ:/crc/: 0.0 1.0 0.0
JJ:/crc/c: 0.0 1.0 0.0
JJ:/crc/cr: 0.3333333432674408 0.3333333432674408 0.3333333432674408
JJ:/crc/crr: 0.0 0.5 0.5
JJ:/crc/r: 0.3333333432674408 0.3333333432674408 0.3333333432674408
JJ:/crc/rr: 0.0 0.5 0.5
JJ:/crrc/: 0.0 1.0 0.0
JJ:/crrc/c: 0.0 1.0 0.0
JJ:/crrc/cr: 0.3333333432674408 0.3333333432674408 0.3333333432674408
JJ:/crrc/crr: 0.0 0.5 0.5
JJ:/crrc/r: 0.3333333432674408 0.3333333432674408 0.3333333432674408
JJ:/crrc/rr: 0.0 0.5 0.5
JJ:/rc/: 0.0 1.0 0.0
JJ:/rc/c: 0.0 1.0 0.0
JJ:/rc/cr: 0.3333333432674408 0.3333333432674408 0.3333333432674408
JJ:/rc/crr: 0.0 0.5 0.5
JJ:/rc/r: 0.3333333432674408 0.3333333432674408 0.3333333432674408
JJ:/rc/rr: 0.0 0.5 0.5
JJ:/rrc/: 0.0 1.0 0.0
JJ:/rrc/c: 0.0 1.0 0.0
JJ:/rrc/cr: 0.3333333432674408 0.3333333432674408 0.3333333432674408
JJ:/rrc/crr: 0.0 0.5 0.5
JJ:/rrc/r: 0.3333333432674408 0.3333333432674408 0.3333333432674408
JJ:/rrc/rr: 0.0 0.5 0.5
JK:/cc/: 0.5 0.5 0.0
JK:/cc/c: 0.5 0.5 0.0
JK:/cc/cr: 0.3333333432674408 0.3333333432674408 0.3333333432674408
JK:/cc/crr: 0.0 0.5 0.5
JK:/cc/r: 0.3333333432674408 0.3333333432674408 0.3333333432674408
JK:/cc/rr: 0.0 0.5 0.5
JK:/crc/: 0.5 0.5 0.0
JK:/crc/c: 0.5 0.5 0.0
JK:/crc/cr: 0.9999999403953552 0.0 0.0
JK:/crc/crr: 0.0 0.5 0.5
JK:/crc/r: 1.0 0.0 0.0
JK:/crc/rr: 0.0 0.5 0.5
JK:/crrc/: 0.5 0.5 0.0
JK:/crrc/c: 0.5 0.5 0.0
JK:/crrc/cr: 1.0 0.0 0.0
JK:/crrc/crr: 0.0 0.5 0.5
JK:/crrc/r: 1.0 0.0 0.0
JK:/crrc/rr: 0.0 0.5 0.5
JK:/rc/: 0.5 0.5 0.0
JK:/rc/c: 0.5 0.5 0.0
JK:/rc/cr: 0.3333333432674408 0.3333333432674408 0.3333333432674408
JK:/rc/crr: 0.0 0.5 0.5
JK:/rc/r: 0.3333333432674408 0.3333333432674408 0.3333333432674408
JK:/rc/rr: 0.0 0.5 0.5
JK:/rrc/: 0.5 0.5 0.0
JK:/rrc/c: 0.5 0.5 0.0
JK:/rrc/cr: 1.0 0.0 0.0
JK:/rrc/crr: 0.0 0.5 0.5
JK:/rrc/r: 1.0 0.0 0.0
JK:/rrc/rr: 0.0 0.5 0.5
JQ:/cc/: 0.5 0.5 0.0
JQ:/cc/c: 0.5 0.5 0.0
JQ:/cc/cr: 0.9999999403953552 0.0 0.0
JQ:/cc/crr: 0.0 0.5 0.5
JQ:/cc/r: 1.0 0.0 0.0
JQ:/cc/rr: 0.0 0.5 0.5
JQ:/crc/: 0.5 0.5 0.0
JQ:/crc/c: 0.5 0.5 0.0
JQ:/crc/cr: 1.0 0.0 0.0
JQ:/crc/crr: 0.0 0.5 0.5
JQ:/crc/r: 1.0 0.0 0.0
JQ:/crc/rr: 0.0 0.5 0.5
JQ:/crrc/: 1.0 0.0 0.0
JQ:/crrc/c: 1.0 0.0 0.0
JQ:/crrc/cr: 1.0 0.0 0.0
JQ:/crrc/crr: 0.0 0.5 0.5
JQ:/crrc/r: 1.0 0.0 0.0
JQ:/crrc/rr: 0.0 0.5 0.5
JQ:/rc/: 0.5 0.5 0.0
JQ:/rc/c: 0.5 0.5 0.0
JQ:/rc/cr: 1.0 0.0 0.0
JQ:/rc/crr: 0.0 0.5 0.5
JQ:/rc/r: 1.0 0.0 0.0
JQ:/rc/rr: 0.0 0.5 0.5
JQ:/rrc/: 0.5 0.5 0.0
JQ:/rrc/c: 0.5 0.5 0.0
JQ:/rrc/cr: 1.0 0.0 0.0
JQ:/rrc/crr: 0.0 0.5 0.5
JQ:/rrc/r: 1.0 0.0 0.0
JQ:/rrc/rr: 0.0 0.5 0.5
K:/: 0.0 1.0 0.0
K:/c: 0.0 1.0 0.0
K:/cr: 0.0 0.5 0.5
K:/crr: 0.0 0.5 0.5
K:/r: 0.0 0.5 0.5
K:/rr: 0.0 0.5 0.5
KJ:/cc/: 0.0 1.0 0.0
KJ:/cc/c: 0.0 1.0 0.0
KJ:/cc/cr: 0.0 0.5 0.5
KJ:/cc/crr: 0.0 0.5 0.5
KJ:/cc/r: 0.0 0.5 0.5
KJ:/cc/rr: 0.0 0.5 0.5
KJ:/crc/: 0.0 1.0 0.0
KJ:/crc/c: 0.0 1.0 0.0
KJ:/crc/cr: 0.0 0.5 0.5
KJ:/crc/crr: 0.0 0.5 0.5
KJ:/crc/r: 0.0 0.5 0.5
KJ:/crc/rr: 0.0 0.5 0.5
KJ:/crrc/: 0.0 1.0 0.0
KJ:/crrc/c: 0.0 1.0 0.0
KJ:/crrc/cr: 0.0 0.5 0.5
KJ:/crrc/crr: 0.0 0.5 0.5
KJ:/crrc/r: 0.0 0.5 0.5
KJ:/crrc/rr: 0.0 0.5 0.5
KJ:/rc/: 0.0 1.0 0.0
KJ:/rc/c: 0.0 1.0 0.0
KJ:/rc/cr: 0.0 0.5 0.5
KJ:/rc/crr: 0.0 0.5 0.5
KJ:/rc/r: 0.0 0.5 0.5
KJ:/rc/rr: 0.0 0.5 0.5
KJ:/rrc/: 0.0 1.0 0.0
KJ:/rrc/c: 0.0 1.0 0.0
KJ:/rrc/cr: 0.0 0.5 0.5
KJ:/rrc/crr: 0.0 0.5 0.5
KJ:/rrc/r: 0.0 0.5 0.5
KJ:/rrc/rr: 0.0 0.5 0.5
KK:/cc/: 0.0 1.0 0.0
KK:/cc/c: 0.0 1.0 0.0
KK:/cc/cr: 0.0 0.5 0.5
KK:/cc/crr: 0.0 0.5 0.5
KK:/cc/r: 0.0 0.5 0.5
KK:/cc/rr: 0.0 0.5 0.5
KK:/crc/: 0.0 1.0 0.0
KK:/crc/c: 0.0 1.0 0.0
KK:/crc/cr: 0.0 0.5 0.5
KK:/crc/crr: 0.0 0.5 0.5
KK:/crc/r: 0.0 0.5 0.5
KK:/crc/rr: 0.0 0.5 0.5
KK:/crrc/: 0.0 0.9999999403953552 0.0
KK:/crrc/c: 0.0 0.9999999403953552 0.0
KK:/crrc/cr: 0.0 0.5 0.5
KK:/crrc/crr: 0.0 0.5 0.5
KK:/crrc/r: 0.0 0.5 0.5
KK:/crrc/rr: 0.0 0.5 0.5
KK:/rc/: 0.0 1.0 0.0
KK:/rc/c: 0.0 1.0 0.0
KK:/rc/cr: 0.0 0.5 0.5
KK:/rc/crr: 0.0 0.5 0.5
KK:/rc/r: 0.0 0.5 0.5
KK:/rc/rr: 0.0 0.5 0.5
KK:/rrc/: 0.0 1.0 0.0
KK:/rrc/c: 0.0 1.0 0.0
KK:/rrc/cr: 0.0 0.5 0.5
KK:/rrc/crr: 0.0 0.5 0.5
KK:/rrc/r: 0.0 0.5 0.5
KK:/rrc/rr: 0.0 0.5 0.5
KQ:/cc/: 0.0 1.0 0.0
KQ:/cc/c: 0.0 1.0 0.0
KQ:/cc/cr: 0.0 0.5 0.5
KQ:/cc/crr: 0.0 0.5 0.5
KQ:/cc/r: 0.0 0.5 0.5
KQ:/cc/rr: 0.0 0.5 0.5
KQ:/crc/: 0.0 1.0 0.0
KQ:/crc/c: 0.0 1.0 0.0
KQ:/crc/cr: 0.0 0.5 0.5
KQ:/crc/crr: 0.0 0.5 0.5
KQ:/crc/r: 0.0 0.5 0.5
KQ:/crc/rr: 0.0 0.5 0.5
KQ:/crrc/: 0.5 0.5 0.0
KQ:/crrc/c: 0.0 1.0 0.0
KQ:/crrc/cr: 0.0 0.5 0.5
KQ:/crrc/crr: 0.0 0.5 0.5
KQ:/crrc/r: 0.0 0.5 0.5
KQ:/crrc/rr: 0.0 0.5 0.5
KQ:/rc/: 0.0 1.0 0.0
KQ:/rc/c: 0.0 1.0 0.0
KQ:/rc/cr: 0.0 0.5 0.5
KQ:/rc/crr: 0.0 0.5 0.5
KQ:/rc/r: 0.0 0.5 0.5
KQ:/rc/rr: 0.0 0.5 0.5
KQ:/rrc/: 0.0 1.0 0.0
KQ:/rrc/c: 0.0 1.0 0.0
KQ:/rrc/cr: 0.0 0.5 0.5
KQ:/rrc/crr: 0.0 0.5 0.5
KQ:/rrc/r: 0.0 0.5 0.5
KQ:/rrc/rr: 0.0 0.5 0.5
Q:/: 0.5 0.5 0.0
Q:/c: 0.5 0.5 0.0
Q:/cr: 0.5 0.5 0.0
Q:/crr: 0.0 1.0 0.0
Q:/r: 0.5 0.5 0.0
Q:/rr: 0.0 1.0 0.0
QJ:/cc/: 0.5 0.5 0.0
QJ:/cc/c: 0.5 0.5 0.0
QJ:/cc/cr: 0.5 0.5 0.0
QJ:/cc/crr: 0.0 1.0 0.0
QJ:/cc/r: 0.5 0.5 0.0
QJ:/cc/rr: 0.0 1.0 0.0
QJ:/crc/: 0.5 0.5 0.0
QJ:/crc/c: 0.5 0.5 0.0
QJ:/crc/cr: 0.31694549322128296 0.6830545663833618 0.0
QJ:/crc/crr: 0.0 1.0 0.0
QJ:/crc/r: 0.0 1.0 0.0
QJ:/crc/rr: 0.0 1.0 0.0
QJ:/crrc/: 0.5 0.5 0.0
QJ:/crrc/c: 0.5445612668991089 0.4554387629032135 0.0
QJ:/crrc/cr: 0.0 1.0 0.0
QJ:/crrc/crr: 0.0 1.0 0.0
QJ:/crrc/r: 0.0 1.0 0.0
QJ:/crrc/rr: 0.0 1.0 0.0
QJ:/rc/: 0.5 0.5 0.0
QJ:/rc/c: 0.5 0.5 0.0
QJ:/rc/cr: 0.0 1.0 0.0
QJ:/rc/crr: 0.0 1.0 0.0
QJ:/rc/r: 0.0 1.0 0.0
QJ:/rc/rr: 0.0 1.0 0.0
QJ:/rrc/: 0.5 0.5 0.0
QJ:/rrc/c: 0.5 0.5 0.0
QJ:/rrc/cr: 0.0 1.0 0.0
QJ:/rrc/crr: 0.0 1.0 0.0
QJ:/rrc/r: 0.0 1.0 0.0
QJ:/rrc/rr: 0.0 1.0 0.0
QK:/cc/: 0.5 0.5 0.0
QK:/cc/c: 0.5 0.5 0.0
QK:/cc/cr: 0.5 0.5 0.0
QK:/cc/crr: 0.0 1.0 0.0
QK:/cc/r: 0.5 0.5 0.0
QK:/cc/rr: 0.0 1.0 0.0
QK:/crc/: 0.5 0.5 0.0
QK:/crc/c: 0.5 0.5 0.0
QK:/crc/cr: 0.5 0.5 0.0
QK:/crc/crr: 0.0 1.0 0.0
QK:/crc/r: 0.689303994178772 0.3106960654258728 0.0
QK:/crc/rr: 0.0 1.0 0.0
QK:/crrc/: 0.5 0.5 0.0
QK:/crrc/c: 0.5 0.5 0.0
QK:/crrc/cr: 0.5372440814971924 0.4627559185028076 0.0
QK:/crrc/crr: 0.0 1.0 0.0
QK:/crrc/r: 0.45939871668815613 0.5406012535095215 0.0
QK:/crrc/rr: 0.0 1.0 0.0
QK:/rc/: 0.5 0.5 0.0
QK:/rc/c: 0.5 0.5 0.0
QK:/rc/cr: 0.7864540815353394 0.21354591846466064 0.0
QK:/rc/crr: 0.0 1.0 0.0
QK:/rc/r: 0.6985553503036499 0.3014446496963501 0.0
QK:/rc/rr: 0.0 1.0 0.0
QK:/rrc/: 0.5 0.5 0.0
QK:/rrc/c: 0.5 0.5 0.0
QK:/rrc/cr: 0.8285353183746338 0.1714646816253662 0.0
QK:/rrc/crr: 0.0 1.0 0.0
QK:/rrc/r: 1.0 0.0 0.0
QK:/rrc/rr: 0.0 1.0 0.0
QQ:/cc/: 0.5617188215255737 0.43828117847442627 0.0
QQ:/cc/c: 1.0 0.0 0.0
QQ:/cc/cr: 0.5 0.5 0.0
QQ:/cc/crr: 0.0 1.0 0.0
QQ:/cc/r: 0.5 0.5 0.0
QQ:/cc/rr: 0.0 1.0 0.0
QQ:/crc/: 0.621583878993988 0.3784160614013672 0.0
QQ:/crc/c: 1.0 0.0 0.0
QQ:/crc/cr: 0.5 0.5 0.0
QQ:/crc/crr: 0.0 1.0 0.0
QQ:/crc/r: 0.5953986048698425 0.4046013355255127 0.0
QQ:/crc/rr: 0.0 1.0 0.0
QQ:/crrc/: 0.5619156360626221 0.43808433413505554 0.0
QQ:/crrc/c: 1.0 0.0 0.0
QQ:/crrc/cr: 0.5 0.5 0.0
QQ:/crrc/crr: 0.0 1.0 0.0
QQ:/crrc/r: 0.5220646858215332 0.47793540358543396 0.0
QQ:/crrc/rr: 0.0 1.0 0.0
QQ:/rc/: 0.938879668712616 0.06112031638622284 0.0
QQ:/rc/c: 1.0 0.0 0.0
QQ:/rc/cr: 0.6142445802688599 0.38575538992881775 0.0
QQ:/rc/crr: 0.0 1.0 0.0
QQ:/rc/r: 0.547909677028656 0.4520902931690216 0.0
QQ:/rc/rr: 0.0 1.0 0.0
QQ:/rrc/: 0.6646466851234436 0.3353533446788788 0.0
QQ:/rrc/c: 1.0 0.0 0.0
QQ:/rrc/cr: 0.5914857387542725 0.40851423144340515 0.0
QQ:/rrc/crr: 0.0 1.0 0.0
QQ:/rrc/r: 0.7861162424087524 0.21388377249240875 0.0
QQ:/rrc/rr: 0.0 1.0 0.0
