J:/: 0.6909999847412109 0.3089999854564667 0.0
J:/c: 0.9010000228881836 0.0989999994635582 0.0
J:/cr: 0.492000013589859 0.024000000208616257 0.48399999737739563
J:/crr: 0.0 0.531000018119812 0.4690000116825104
J:/r: 0.49900001287460327 0.0010000000474974513 0.49900001287460327
J:/rr: 0.0 1.0 0.0
JJ:/cc/: 0.5080000162124634 0.492000013589859 0.0
JJ:/cc/c: 0.527999997138977 0.47200000286102295 0.0
JJ:/cc/cr: 0.5 0.0 0.5
JJ:/cc/crr: 0.0 0.0 1.0
JJ:/cc/r: 0.5 0.0 0.5
JJ:/cc/rr: 0.0 0.0 1.0
JJ:/crc/: 0.6029999852180481 0.3970000147819519 0.0
JJ:/crc/c: 0.5149999856948853 0.48500001430511475 0.0
JJ:/crc/cr: 0.5120000243186951 0.4880000054836273 0.0
JJ:/crc/crr: 0.0 1.0 0.0
JJ:/crc/r: 0.5019999742507935 0.0 0.49799999594688416
JJ:/crc/rr: 0.0 1.0 0.0
JJ:/crrc/: 0.16899999976158142 0.8309999704360962 0.0
JJ:/crrc/c: 0.4860000014305115 0.5139999985694885 0.0
JJ:/crrc/cr: 0.6460000276565552 0.0010000000474974513 0.3529999852180481
JJ:/crrc/crr: 0.0 0.013000000268220901 0.9869999885559082
JJ:/crrc/r: 0.5 0.0 0.5
JJ:/crrc/rr: 0.0 0.0 1.0
JJ:/rc/: 0.4659999907016754 0.5339999794960022 0.0
JJ:/rc/c: 0.5170000195503235 0.4830000102519989 0.0
JJ:/rc/cr: 0.515999972820282 0.02500000037252903 0.45899999141693115
JJ:/rc/crr: 0.0 0.9739999771118164 0.026000000536441803
JJ:/rc/r: 0.5 0.0 0.5
JJ:/rc/rr: 0.0 0.003000000026077032 0.996999979019165
JJ:/rrc/: 0.3109999895095825 0.6890000104904175 0.0
JJ:/rrc/c: 0.30000001192092896 0.699999988079071 0.0
JJ:/rrc/cr: 0.5289999842643738 0.47099998593330383 0.0
JJ:/rrc/crr: 0.0 1.0 0.0
JJ:/rrc/r: 0.5070000290870667 0.0 0.49300000071525574
JJ:/rrc/rr: 0.0 1.0 0.0
JK:/cc/: 1.0 0.0 0.0
JK:/cc/c: 1.0 0.0 0.0
JK:/cc/cr: 0.5 0.0 0.5
JK:/cc/crr: 0.0 0.0 1.0
JK:/cc/r: 0.5 0.0 0.5
JK:/cc/rr: 0.0 0.0 1.0
JK:/crc/: 0.8100000023841858 0.1899999976158142 0.0
JK:/crc/c: 0.6169999837875366 0.382999986410141 0.0
JK:/crc/cr: 0.9919999837875366 0.00800000037997961 0.0
JK:/crc/crr: 0.0 1.0 0.0
JK:/crc/r: 0.5180000066757202 0.0 0.4819999933242798
JK:/crc/rr: 0.0 1.0 0.0
JK:/crrc/: 0.625 0.375 0.0
JK:/crrc/c: 0.9020000100135803 0.09799999743700027 0.0
JK:/crrc/cr: 0.5 0.0 0.5
JK:/crrc/crr: 0.0 0.0 1.0
JK:/crrc/r: 0.5 0.0 0.5
JK:/crrc/rr: 0.0 0.0 1.0
JK:/rc/: 0.996999979019165 0.003000000026077032 0.0
JK:/rc/c: 0.9309999942779541 0.0689999982714653 0.0
JK:/rc/cr: 0.5289999842643738 0.0010000000474974513 0.4699999988079071
JK:/rc/crr: 0.0 0.9850000143051147 0.014999999664723873
JK:/rc/r: 0.5189999938011169 0.0 0.48100000619888306
JK:/rc/rr: 0.0 0.6850000023841858 0.3149999976158142
JK:/rrc/: 0.8510000109672546 0.14900000393390656 0.0
JK:/rrc/c: 0.6029999852180481 0.3970000147819519 0.0
JK:/rrc/cr: 0.9020000100135803 0.09799999743700027 0.0
JK:/rrc/crr: 0.0 1.0 0.0
JK:/rrc/r: 0.9919999837875366 0.00800000037997961 0.0
JK:/rrc/rr: 0.0 1.0 0.0
JQ:/cc/: 0.9990000128746033 0.0010000000474974513 0.0
JQ:/cc/c: 0.9980000257492065 0.0020000000949949026 0.0
JQ:/cc/cr: 0.5 0.0 0.5
JQ:/cc/crr: 0.0 0.0 1.0
JQ:/cc/r: 0.5 0.0 0.5
JQ:/cc/rr: 0.0 0.0 1.0
JQ:/crc/: 0.6639999747276306 0.335999995470047 0.0
JQ:/crc/c: 0.7639999985694885 0.23600000143051147 0.0
JQ:/crc/cr: 0.8629999756813049 0.12300000339746475 0.014000000432133675
JQ:/crc/crr: 0.0 1.0 0.0
JQ:/crc/r: 0.5009999871253967 0.0 0.49900001287460327
JQ:/crc/rr: 0.0 1.0 0.0
JQ:/crrc/: 0.5270000100135803 0.4729999899864197 0.0
JQ:/crrc/c: 0.6209999918937683 0.3790000081062317 0.0
JQ:/crrc/cr: 0.5 0.0 0.5
JQ:/crrc/crr: 0.0 0.0 1.0
JQ:/crrc/r: 0.5 0.0 0.5
JQ:/crrc/rr: 0.0 0.0010000000474974513 0.9990000128746033
JQ:/rc/: 0.921999990940094 0.07800000160932541 0.0
JQ:/rc/c: 0.6909999847412109 0.3089999854564667 0.0
JQ:/rc/cr: 0.5009999871253967 0.007000000216066837 0.492000013589859
JQ:/rc/crr: 0.0 0.9860000014305115 0.014000000432133675
JQ:/rc/r: 0.5 0.0 0.5
JQ:/rc/rr: 0.0 0.9909999966621399 0.008999999612569809
JQ:/rrc/: 0.8859999775886536 0.11400000005960464 0.0
JQ:/rrc/c: 0.5429999828338623 0.4569999873638153 0.0
JQ:/rrc/cr: 0.546999990940094 0.453000009059906 0.0
JQ:/rrc/crr: 0.0 1.0 0.0
JQ:/rrc/r: 0.8389999866485596 0.03799999877810478 0.12300000339746475
JQ:/rrc/rr: 0.0 1.0 0.0
K:/: 1.0 0.0 0.0
K:/c: 1.0 0.0 0.0
K:/cr: 0.5109999775886536 0.48899999260902405 0.0
K:/crr: 0.0 1.0 0.0
K:/r: 0.9990000128746033 0.0010000000474974513 0.0
K:/rr: 0.0 1.0 0.0
KJ:/cc/: 1.0 0.0 0.0
KJ:/cc/c: 1.0 0.0 0.0
KJ:/cc/cr: 0.5220000147819519 0.0 0.4779999852180481
KJ:/cc/crr: 0.0 0.5 0.5
KJ:/cc/r: 1.0 0.0 0.0
KJ:/cc/rr: 0.0 0.0 1.0
KJ:/crc/: 0.37599998712539673 0.6240000128746033 0.0
KJ:/crc/c: 0.503000020980835 0.4970000088214874 0.0
KJ:/crc/cr: 0.023000000044703484 0.5569999814033508 0.41999998688697815
KJ:/crc/crr: 0.0 1.0 0.0
KJ:/crc/r: 1.0 0.0 0.0
KJ:/crc/rr: 0.0 0.3610000014305115 0.6389999985694885
KJ:/crrc/: 0.4950000047683716 0.5049999952316284 0.0
KJ:/crrc/c: 0.996999979019165 0.003000000026077032 0.0
KJ:/crrc/cr: 0.5509999990463257 0.0 0.4490000009536743
KJ:/crrc/crr: 0.0 0.9810000061988831 0.01899999938905239
KJ:/crrc/r: 1.0 0.0 0.0
KJ:/crrc/rr: 0.0 0.0 1.0
KJ:/rc/: 0.7139999866485596 0.28600001335144043 0.0
KJ:/rc/c: 0.9990000128746033 0.0010000000474974513 0.0
KJ:/rc/cr: 0.5099999904632568 0.0010000000474974513 0.48899999260902405
KJ:/rc/crr: 0.0 0.8650000095367432 0.13500000536441803
KJ:/rc/r: 0.8870000243186951 0.0 0.11299999803304672
KJ:/rc/rr: 0.0 0.017000000923871994 0.9829999804496765
KJ:/rrc/: 0.515999972820282 0.48399999737739563 0.0
KJ:/rrc/c: 0.5170000195503235 0.4830000102519989 0.0
KJ:/rrc/cr: 0.17800000309944153 0.8190000057220459 0.003000000026077032
KJ:/rrc/crr: 0.0 1.0 0.0
KJ:/rrc/r: 0.9789999723434448 0.019999999552965164 0.0010000000474974513
KJ:/rrc/rr: 0.0 0.9990000128746033 0.0010000000474974513
KK:/cc/: 1.0 0.0 0.0
KK:/cc/c: 1.0 0.0 0.0
KK:/cc/cr: 1.0 0.0 0.0
KK:/cc/crr: 0.0 0.5 0.5
KK:/cc/r: 1.0 0.0 0.0
KK:/cc/rr: 0.0 0.5 0.5
KK:/crc/: 0.5400000214576721 0.46000000834465027 0.0
KK:/crc/c: 0.9419999718666077 0.057999998331069946 0.0
KK:/crc/cr: 0.5 0.5 0.0
KK:/crc/crr: 0.0 1.0 0.0
KK:/crc/r: 0.5139999985694885 0.4860000014305115 0.0
KK:/crc/rr: 0.0 1.0 0.0
KK:/crrc/: 0.5460000038146973 0.45399999618530273 0.0
KK:/crrc/c: 0.9959999918937683 0.004000000189989805 0.0
KK:/crrc/cr: 0.8999999761581421 0.0989999994635582 0.0
KK:/crrc/crr: 0.0 1.0 0.0
KK:/crrc/r: 0.9179999828338623 0.0820000022649765 0.0
KK:/crrc/rr: 0.0 1.0 0.0
KK:/rc/: 0.9919999837875366 0.00800000037997961 0.0
KK:/rc/c: 1.0 0.0 0.0
KK:/rc/cr: 0.6050000190734863 0.31700000166893005 0.07800000160932541
KK:/rc/crr: 0.0 1.0 0.0
KK:/rc/r: 0.5040000081062317 0.4959999918937683 0.0
KK:/rc/rr: 0.0 0.9990000128746033 0.0010000000474974513
KK:/rrc/: 0.5270000100135803 0.4729999899864197 0.0
KK:/rrc/c: 0.5220000147819519 0.4779999852180481 0.0
KK:/rrc/cr: 0.5009999871253967 0.49900001287460327 0.0
KK:/rrc/crr: 0.0 1.0 0.0
KK:/rrc/r: 0.5 0.5 0.0
KK:/rrc/rr: 0.0 1.0 0.0
KQ:/cc/: 1.0 0.0 0.0
KQ:/cc/c: 1.0 0.0 0.0
KQ:/cc/cr: 0.996999979019165 0.0 0.003000000026077032
KQ:/cc/crr: 0.0 0.5 0.5
KQ:/cc/r: 1.0 0.0 0.0
KQ:/cc/rr: 0.0 0.0 1.0
KQ:/crc/: 0.492000013589859 0.5080000162124634 0.0
KQ:/crc/c: 0.9760000109672546 0.024000000208616257 0.0
KQ:/crc/cr: 0.9309999942779541 0.004000000189989805 0.06599999964237213
KQ:/crc/crr: 0.0 1.0 0.0
KQ:/crc/r: 0.9459999799728394 0.0 0.05400000140070915
KQ:/crc/rr: 0.0 0.14399999380111694 0.8560000061988831
KQ:/crrc/: 0.5070000290870667 0.49300000071525574 0.0
KQ:/crrc/c: 0.9980000257492065 0.0020000000949949026 0.0
KQ:/crrc/cr: 0.9919999837875366 0.0 0.00800000037997961
KQ:/crrc/crr: 0.0 1.0 0.0
KQ:/crrc/r: 0.9990000128746033 0.0 0.0010000000474974513
KQ:/crrc/rr: 0.0 0.3479999899864197 0.6520000100135803
KQ:/rc/: 0.9980000257492065 0.0020000000949949026 0.0
KQ:/rc/c: 1.0 0.0 0.0
KQ:/rc/cr: 0.9459999799728394 0.0010000000474974513 0.05400000140070915
KQ:/rc/crr: 0.0 1.0 0.0
KQ:/rc/r: 0.9750000238418579 0.0 0.02500000037252903
KQ:/rc/rr: 0.0 0.9950000047683716 0.004999999888241291
KQ:/rrc/: 0.6179999709129333 0.38199999928474426 0.0
KQ:/rrc/c: 0.5789999961853027 0.42100000381469727 0.0
KQ:/rrc/cr: 0.8169999718666077 0.18199999630451202 0.0010000000474974513
KQ:/rrc/crr: 0.0 1.0 0.0
KQ:/rrc/r: 0.8119999766349792 0.08100000023841858 0.10700000077486038
KQ:/rrc/rr: 0.0 0.9990000128746033 0.0010000000474974513
Q:/: 0.796999990940094 0.2029999941587448 0.0
Q:/c: 0.9369999766349792 0.06300000101327896 0.0
Q:/cr: 0.5139999985694885 0.4860000014305115 0.0
Q:/crr: 0.0 1.0 0.0
Q:/r: 0.057999998331069946 0.6349999904632568 0.3059999942779541
Q:/rr: 0.0 1.0 0.0
QJ:/cc/: 0.9829999804496765 0.017000000923871994 0.0
QJ:/cc/c: 0.9900000095367432 0.009999999776482582 0.0
QJ:/cc/cr: 0.14100000262260437 0.4180000126361847 0.4410000145435333
QJ:/cc/crr: 0.0 0.9990000128746033 0.0010000000474974513
QJ:/cc/r: 0.3330000042915344 0.3330000042915344 0.3330000042915344
QJ:/cc/rr: 0.0 0.4950000047683716 0.5049999952316284
QJ:/crc/: 1.0 0.0 0.0
QJ:/crc/c: 0.9950000047683716 0.004999999888241291 0.0
QJ:/crc/cr: 0.49900001287460327 0.5 0.0
QJ:/crc/crr: 0.0 1.0 0.0
QJ:/crc/r: 0.5 0.5 0.0010000000474974513
QJ:/crc/rr: 0.0 1.0 0.0
QJ:/crrc/: 0.6000000238418579 0.4000000059604645 0.0
QJ:/crrc/c: 0.5009999871253967 0.49900001287460327 0.0
QJ:/crrc/cr: 0.3610000014305115 0.34299999475479126 0.29600000381469727
QJ:/crrc/crr: 0.0 1.0 0.0
QJ:/crrc/r: 0.3330000042915344 0.3330000042915344 0.3330000042915344
QJ:/crrc/rr: 0.0 0.4830000102519989 0.5170000195503235
QJ:/rc/: 0.9909999966621399 0.008999999612569809 0.0
QJ:/rc/c: 0.5709999799728394 0.42899999022483826 0.0
QJ:/rc/cr: 0.36399999260902405 0.42800000309944153 0.2070000022649765
QJ:/rc/crr: 0.0 1.0 0.0
QJ:/rc/r: 0.3330000042915344 0.3330000042915344 0.3330000042915344
QJ:/rc/rr: 0.0 0.9950000047683716 0.004999999888241291
QJ:/rrc/: 0.9980000257492065 0.0020000000949949026 0.0
QJ:/rrc/c: 0.9750000238418579 0.02500000037252903 0.0
QJ:/rrc/cr: 0.5 0.5 0.0
QJ:/rrc/crr: 0.0 1.0 0.0
QJ:/rrc/r: 0.49300000071525574 0.49300000071525574 0.014000000432133675
QJ:/rrc/rr: 0.0 1.0 0.0
QK:/cc/: 0.8029999732971191 0.19699999690055847 0.0
QK:/cc/c: 0.7739999890327454 0.22599999606609344 0.0
QK:/cc/cr: 0.35100001096725464 0.2980000078678131 0.35100001096725464
QK:/cc/crr: 0.0 0.9900000095367432 0.009999999776482582
QK:/cc/r: 0.5 0.0 0.5
QK:/cc/rr: 0.0 0.054999999701976776 0.9449999928474426
QK:/crc/: 1.0 0.0 0.0
QK:/crc/c: 1.0 0.0 0.0
QK:/crc/cr: 0.49900001287460327 0.5009999871253967 0.0
QK:/crc/crr: 0.0 1.0 0.0
QK:/crc/r: 0.5 0.5 0.0
QK:/crc/rr: 0.0 1.0 0.0
QK:/crrc/: 0.7580000162124634 0.24199999868869781 0.0
QK:/crrc/c: 0.5090000033378601 0.4909999966621399 0.0
QK:/crrc/cr: 0.4830000102519989 0.41200000047683716 0.10499999672174454
QK:/crrc/crr: 0.0 1.0 0.0
QK:/crrc/r: 0.48100000619888306 0.06700000166893005 0.4519999921321869
QK:/crrc/rr: 0.0 0.9850000143051147 0.014999999664723873
QK:/rc/: 0.8939999938011169 0.10599999874830246 0.0
QK:/rc/c: 0.5379999876022339 0.4620000123977661 0.0
QK:/rc/cr: 0.6539999842643738 0.34599998593330383 0.0
QK:/rc/crr: 0.0 1.0 0.0
QK:/rc/r: 0.9819999933242798 0.014999999664723873 0.003000000026077032
QK:/rc/rr: 0.0 1.0 0.0
QK:/rrc/: 0.9990000128746033 0.0010000000474974513 0.0
QK:/rrc/c: 0.7149999737739563 0.2849999964237213 0.0
QK:/rrc/cr: 0.5 0.5 0.0
QK:/rrc/crr: 0.0 1.0 0.0
QK:/rrc/r: 0.5040000081062317 0.4950000047683716 0.0
QK:/rrc/rr: 0.0 1.0 0.0
QQ:/cc/: 0.9330000281333923 0.06700000166893005 0.0
QQ:/cc/c: 0.9319999814033508 0.06800000369548798 0.0
QQ:/cc/cr: 0.3400000035762787 0.32100000977516174 0.3400000035762787
QQ:/cc/crr: 0.0 0.8309999704360962 0.16899999976158142
QQ:/cc/r: 0.4410000145435333 0.11900000274181366 0.4410000145435333
QQ:/cc/rr: 0.0 0.4350000023841858 0.5649999976158142
QQ:/crc/: 0.972000002861023 0.02800000086426735 0.0
QQ:/crc/c: 0.6269999742507935 0.37299999594688416 0.0
QQ:/crc/cr: 0.4830000102519989 0.515999972820282 0.0010000000474974513
QQ:/crc/crr: 0.0 1.0 0.0
QQ:/crc/r: 0.4970000088214874 0.49300000071525574 0.009999999776482582
QQ:/crc/rr: 0.0 1.0 0.0
QQ:/crrc/: 0.5 0.5 0.0
QQ:/crrc/c: 0.5 0.5 0.0
QQ:/crrc/cr: 0.3540000021457672 0.3449999988079071 0.3009999990463257
QQ:/crrc/crr: 0.0 1.0 0.0
QQ:/crrc/r: 0.4129999876022339 0.17299999296665192 0.4129999876022339
QQ:/crrc/rr: 0.0 0.800000011920929 0.20000000298023224
QQ:/rc/: 0.9879999756813049 0.012000000104308128 0.0
QQ:/rc/c: 0.5720000267028809 0.42800000309944153 0.0
QQ:/rc/cr: 0.4429999887943268 0.5139999985694885 0.04399999976158142
QQ:/rc/crr: 0.0 1.0 0.0
QQ:/rc/r: 0.04399999976158142 0.5109999775886536 0.4449999928474426
QQ:/rc/rr: 0.0 1.0 0.0
QQ:/rrc/: 0.9940000176429749 0.006000000052154064 0.0
QQ:/rrc/c: 0.5270000100135803 0.4729999899864197 0.0
QQ:/rrc/cr: 0.5 0.5 0.0
QQ:/rrc/crr: 0.0 1.0 0.0
QQ:/rrc/r: 0.4059999883174896 0.5929999947547913 0.0010000000474974513
QQ:/rrc/rr: 0.0 1.0 0.0
