J:/: 0.4009999930858612 0.5989999771118164 0.0
J:/c: 0.5109999775886536 0.48899999260902405 0.0
J:/cr: 0.6060000061988831 0.13099999725818634 0.2630000114440918
J:/crr: 0.0 0.6320000290870667 0.36800000071525574
J:/r: 0.33799999952316284 0.19200000166893005 0.4699999988079071
J:/rr: 0.0 0.6309999823570251 0.36899998784065247
JJ:/cc/: 0.48399999737739563 0.515999972820282 0.0
JJ:/cc/c: 0.45899999141693115 0.5410000085830688 0.0
JJ:/cc/cr: 0.3790000081062317 0.23100000619888306 0.3889999985694885
JJ:/cc/crr: 0.0 0.4729999899864197 0.5270000100135803
JJ:/cc/r: 0.515999972820282 0.06700000166893005 0.4169999957084656
JJ:/cc/rr: 0.0 0.5230000019073486 0.47699999809265137
JJ:/crc/: 0.5379999876022339 0.4620000123977661 0.0
JJ:/crc/c: 0.550000011920929 0.44999998807907104 0.0
JJ:/crc/cr: 0.5220000147819519 0.26899999380111694 0.20800000429153442
JJ:/crc/crr: 0.0 0.6420000195503235 0.3580000102519989
JJ:/crc/r: 0.6850000023841858 0.0689999982714653 0.2460000067949295
JJ:/crc/rr: 0.0 0.7940000295639038 0.20600000023841858
JJ:/crrc/: 0.4259999990463257 0.5740000009536743 0.0
JJ:/crrc/c: 0.40299999713897705 0.597000002861023 0.0
JJ:/crrc/cr: 0.4390000104904175 0.24899999797344208 0.31299999356269836
JJ:/crrc/crr: 0.0 0.5849999785423279 0.41499999165534973
JJ:/crrc/r: 0.5109999775886536 0.08399999886751175 0.4050000011920929
JJ:/crrc/rr: 0.0 0.5509999990463257 0.4490000009536743
JJ:/rc/: 0.5260000228881836 0.4740000069141388 0.0
JJ:/rc/c: 0.5350000262260437 0.4650000035762787 0.0
JJ:/rc/cr: 0.3799999952316284 0.23199999332427979 0.3880000114440918
JJ:/rc/crr: 0.0 0.5120000243186951 0.4880000054836273
JJ:/rc/r: 0.5479999780654907 0.10199999809265137 0.3499999940395355
JJ:/rc/rr: 0.0 0.5149999856948853 0.48500001430511475
JJ:/rrc/: 0.5090000033378601 0.4909999966621399 0.0
JJ:/rrc/c: 0.5120000243186951 0.4880000054836273 0.0
JJ:/rrc/cr: 0.45500001311302185 0.24699999392032623 0.2980000078678131
JJ:/rrc/crr: 0.0 0.6309999823570251 0.36899998784065247
JJ:/rrc/r: 0.7390000224113464 0.06700000166893005 0.1940000057220459
JJ:/rrc/rr: 0.0 0.75 0.25
JK:/cc/: 0.48100000619888306 0.5189999938011169 0.0
JK:/cc/c: 0.4580000042915344 0.5419999957084656 0.0
JK:/cc/cr: 0.40400001406669617 0.15000000596046448 0.44600000977516174
JK:/cc/crr: 0.0 0.2809999883174896 0.718999981880188
JK:/cc/r: 0.46799999475479126 0.09000000357627869 0.44200000166893005
JK:/cc/rr: 0.0 0.4560000002384186 0.5440000295639038
JK:/crc/: 0.5649999976158142 0.4350000023841858 0.0
JK:/crc/c: 0.5519999861717224 0.4480000138282776 0.0
JK:/crc/cr: 0.5559999942779541 0.20399999618530273 0.23999999463558197
JK:/crc/crr: 0.0 0.4580000042915344 0.5419999957084656
JK:/crc/r: 0.6830000281333923 0.08799999952316284 0.2290000021457672
JK:/crc/rr: 0.0 0.8029999732971191 0.19699999690055847
JK:/crrc/: 0.46000000834465027 0.5400000214576721 0.0
JK:/crrc/c: 0.4320000112056732 0.5680000185966492 0.0
JK:/crrc/cr: 0.4099999964237213 0.2549999952316284 0.33500000834465027
JK:/crrc/crr: 0.0 0.5270000100135803 0.4729999899864197
JK:/crrc/r: 0.5170000195503235 0.08399999886751175 0.39899998903274536
JK:/crrc/rr: 0.0 0.5109999775886536 0.48899999260902405
JK:/rc/: 0.6039999723434448 0.3959999978542328 0.0
JK:/rc/c: 0.5740000009536743 0.4259999990463257 0.0
JK:/rc/cr: 0.4659999907016754 0.1599999964237213 0.37299999594688416
JK:/rc/crr: 0.0 0.4440000057220459 0.5559999942779541
JK:/rc/r: 0.5649999976158142 0.11800000071525574 0.31700000166893005
JK:/rc/rr: 0.0 0.6399999856948853 0.36000001430511475
JK:/rrc/: 0.6010000109672546 0.39899998903274536 0.0
JK:/rrc/c: 0.5740000009536743 0.4259999990463257 0.0
JK:/rrc/cr: 0.574999988079071 0.23399999737739563 0.19200000166893005
JK:/rrc/crr: 0.0 0.6150000095367432 0.38499999046325684
JK:/rrc/r: 0.8180000185966492 0.0860000029206276 0.09600000083446503
JK:/rrc/rr: 0.0 0.8560000061988831 0.14399999380111694
JQ:/cc/: 0.527999997138977 0.47200000286102295 0.0
JQ:/cc/c: 0.5009999871253967 0.49900001287460327 0.0
JQ:/cc/cr: 0.37299999594688416 0.1599999964237213 0.46700000762939453
JQ:/cc/crr: 0.0 0.38600000739097595 0.6140000224113464
JQ:/cc/r: 0.4950000047683716 0.10400000214576721 0.4020000100135803
JQ:/cc/rr: 0.0 0.5860000252723694 0.414000004529953
JQ:/crc/: 0.6010000109672546 0.39899998903274536 0.0
JQ:/crc/c: 0.5820000171661377 0.4180000126361847 0.0
JQ:/crc/cr: 0.5609999895095825 0.20200000703334808 0.2370000034570694
JQ:/crc/crr: 0.0 0.5950000286102295 0.4050000011920929
JQ:/crc/r: 0.777999997138977 0.10499999672174454 0.11699999868869781
JQ:/crc/rr: 0.0 0.8939999938011169 0.10599999874830246
JQ:/crrc/: 0.5210000276565552 0.4790000021457672 0.0
JQ:/crrc/c: 0.49300000071525574 0.5070000290870667 0.0
JQ:/crrc/cr: 0.39399999380111694 0.3310000002384186 0.2750000059604645
JQ:/crrc/crr: 0.0 0.6930000185966492 0.3070000112056732
JQ:/crrc/r: 0.593999981880188 0.1379999965429306 0.2680000066757202
JQ:/crrc/rr: 0.0 0.7599999904632568 0.23999999463558197
JQ:/rc/: 0.6259999871253967 0.37400001287460327 0.0
JQ:/rc/c: 0.5699999928474426 0.4300000071525574 0.0
JQ:/rc/cr: 0.3630000054836273 0.18400000035762787 0.453000009059906
JQ:/rc/crr: 0.0 0.4099999964237213 0.5899999737739563
JQ:/rc/r: 0.5149999856948853 0.15199999511241913 0.3330000042915344
JQ:/rc/rr: 0.0 0.5789999961853027 0.42100000381469727
JQ:/rrc/: 0.6499999761581421 0.3499999940395355 0.0
JQ:/rrc/c: 0.593999981880188 0.4059999883174896 0.0
JQ:/rrc/cr: 0.460999995470047 0.1809999942779541 0.3580000102519989
JQ:/rrc/crr: 0.0 0.5609999895095825 0.4390000104904175
JQ:/rrc/r: 0.7919999957084656 0.09799999743700027 0.10999999940395355
JQ:/rrc/rr: 0.0 0.8370000123977661 0.16300000250339508
K:/: 0.28200000524520874 0.7179999947547913 0.0
K:/c: 0.32600000500679016 0.6740000247955322 0.0
K:/cr: 0.3059999942779541 0.5730000138282776 0.12099999934434891
K:/crr: 0.0 0.8289999961853027 0.17100000381469727
K:/r: 0.4300000071525574 0.4059999883174896 0.16300000250339508
K:/rr: 0.0 0.8169999718666077 0.18299999833106995
KJ:/cc/: 0.3370000123977661 0.6629999876022339 0.0
KJ:/cc/c: 0.32899999618530273 0.6710000038146973 0.0
KJ:/cc/cr: 0.34200000762939453 0.43799999356269836 0.2199999988079071
KJ:/cc/crr: 0.0 0.6759999990463257 0.3240000009536743
KJ:/cc/r: 0.23600000143051147 0.5630000233650208 0.20200000703334808
KJ:/cc/rr: 0.0 0.5759999752044678 0.42399999499320984
KJ:/crc/: 0.2919999957084656 0.7080000042915344 0.0
KJ:/crc/c: 0.29100000858306885 0.7089999914169312 0.0
KJ:/crc/cr: 0.30799999833106995 0.49900001287460327 0.19300000369548798
KJ:/crc/crr: 0.0 0.718999981880188 0.2809999883174896
KJ:/crc/r: 0.2549999952316284 0.5899999737739563 0.1550000011920929
KJ:/crc/rr: 0.0 0.7160000205039978 0.2840000092983246
KJ:/crrc/: 0.22300000488758087 0.7770000100135803 0.0
KJ:/crrc/c: 0.26499998569488525 0.7350000143051147 0.0
KJ:/crrc/cr: 0.3779999911785126 0.4090000092983246 0.21299999952316284
KJ:/crrc/crr: 0.0 0.6510000228881836 0.3490000069141388
KJ:/crrc/r: 0.20999999344348907 0.5820000171661377 0.20800000429153442
KJ:/crrc/rr: 0.0 0.6790000200271606 0.32100000977516174
KJ:/rc/: 0.40700000524520874 0.5929999947547913 0.0
KJ:/rc/c: 0.33000001311302185 0.6700000166893005 0.0
KJ:/rc/cr: 0.4230000078678131 0.35199999809265137 0.22599999606609344
KJ:/rc/crr: 0.0 0.6589999794960022 0.3409999907016754
KJ:/rc/r: 0.3050000071525574 0.47200000286102295 0.22200000286102295
KJ:/rc/rr: 0.0 0.5320000052452087 0.46799999475479126
KJ:/rrc/: 0.4009999930858612 0.5989999771118164 0.0
KJ:/rrc/c: 0.3799999952316284 0.6200000047683716 0.0
KJ:/rrc/cr: 0.44600000977516174 0.3499999940395355 0.20399999618530273
KJ:/rrc/crr: 0.0 0.6710000038146973 0.32899999618530273
KJ:/rrc/r: 0.3059999942779541 0.546999990940094 0.14800000190734863
KJ:/rrc/rr: 0.0 0.7110000252723694 0.289000004529953
KK:/cc/: 0.33399999141693115 0.6660000085830688 0.0
KK:/cc/c: 0.3230000138282776 0.6769999861717224 0.0
KK:/cc/cr: 0.29100000858306885 0.5329999923706055 0.17499999701976776
KK:/cc/crr: 0.0 0.7620000243186951 0.23800000548362732
KK:/cc/r: 0.2540000081062317 0.5580000281333923 0.18700000643730164
KK:/cc/rr: 0.0 0.6520000100135803 0.3479999899864197
KK:/crc/: 0.29899999499320984 0.7009999752044678 0.0
KK:/crc/c: 0.3059999942779541 0.6940000057220459 0.0
KK:/crc/cr: 0.3050000071525574 0.5450000166893005 0.15000000596046448
KK:/crc/crr: 0.0 0.8029999732971191 0.19699999690055847
KK:/crc/r: 0.2370000034570694 0.593999981880188 0.1679999977350235
KK:/crc/rr: 0.0 0.7459999918937683 0.2540000081062317
KK:/crrc/: 0.23000000417232513 0.7699999809265137 0.0
KK:/crrc/c: 0.2590000033378601 0.7409999966621399 0.0
KK:/crrc/cr: 0.3880000114440918 0.4560000002384186 0.15600000321865082
KK:/crrc/crr: 0.0 0.7300000190734863 0.27000001072883606
KK:/crrc/r: 0.21899999678134918 0.6110000014305115 0.17000000178813934
KK:/crrc/rr: 0.0 0.7379999756813049 0.2619999945163727
KK:/rc/: 0.4259999990463257 0.5740000009536743 0.0
KK:/rc/c: 0.4050000011920929 0.5950000286102295 0.0
KK:/rc/cr: 0.4059999883174896 0.44200000166893005 0.15199999511241913
KK:/rc/crr: 0.0 0.7789999842643738 0.22100000083446503
KK:/rc/r: 0.3070000112056732 0.5 0.19300000369548798
KK:/rc/rr: 0.0 0.6700000166893005 0.33000001311302185
KK:/rrc/: 0.3449999988079071 0.6549999713897705 0.0
KK:/rrc/c: 0.34599998593330383 0.6539999842643738 0.0
KK:/rrc/cr: 0.4000000059604645 0.46000000834465027 0.14000000059604645
KK:/rrc/crr: 0.0 0.8180000185966492 0.18199999630451202
KK:/rrc/r: 0.296999990940094 0.550000011920929 0.15299999713897705
KK:/rrc/rr: 0.0 0.7710000276565552 0.2290000021457672
KQ:/cc/: 0.3930000066757202 0.6069999933242798 0.0
KQ:/cc/c: 0.3619999885559082 0.6380000114440918 0.0
KQ:/cc/cr: 0.40700000524520874 0.4009999930858612 0.19200000166893005
KQ:/cc/crr: 0.0 0.6909999847412109 0.3089999854564667
KQ:/cc/r: 0.296999990940094 0.4729999899864197 0.23000000417232513
KQ:/cc/rr: 0.0 0.5299999713897705 0.4699999988079071
KQ:/crc/: 0.29100000858306885 0.7089999914169312 0.0
KQ:/crc/c: 0.31700000166893005 0.6830000281333923 0.0
KQ:/crc/cr: 0.421999990940094 0.4000000059604645 0.17800000309944153
KQ:/crc/crr: 0.0 0.7509999871253967 0.24899999797344208
KQ:/crc/r: 0.2720000147819519 0.5839999914169312 0.14399999380111694
KQ:/crc/rr: 0.0 0.7360000014305115 0.2639999985694885
KQ:/crrc/: 0.28200000524520874 0.7179999947547913 0.0
KQ:/crrc/c: 0.3409999907016754 0.6589999794960022 0.0
KQ:/crrc/cr: 0.5270000100135803 0.29100000858306885 0.1809999942779541
KQ:/crrc/crr: 0.0 0.6470000147819519 0.3529999852180481
KQ:/crrc/r: 0.33000001311302185 0.49000000953674316 0.17900000512599945
KQ:/crrc/rr: 0.0 0.6660000085830688 0.33399999141693115
KQ:/rc/: 0.42899999022483826 0.5709999799728394 0.0
KQ:/rc/c: 0.37599998712539673 0.6240000128746033 0.0
KQ:/rc/cr: 0.47200000286102295 0.3059999942779541 0.22200000286102295
KQ:/rc/crr: 0.0 0.6480000019073486 0.35199999809265137
KQ:/rc/r: 0.3659999966621399 0.3790000081062317 0.25600001215934753
KQ:/rc/rr: 0.0 0.5230000019073486 0.47699999809265137
KQ:/rrc/: 0.3709999918937683 0.6290000081062317 0.0
KQ:/rrc/c: 0.3779999911785126 0.621999979019165 0.0
KQ:/rrc/cr: 0.5429999828338623 0.27000001072883606 0.18700000643730164
KQ:/rrc/crr: 0.0 0.6980000138282776 0.3019999861717224
KQ:/rrc/r: 0.3190000057220459 0.5239999890327454 0.15700000524520874
KQ:/rrc/rr: 0.0 0.7319999933242798 0.2680000066757202
Q:/: 0.7310000061988831 0.26899999380111694 0.0
Q:/c: 0.859000027179718 0.14100000262260437 0.0
Q:/cr: 0.5870000123977661 0.3269999921321869 0.08500000089406967
Q:/crr: 0.0 0.9430000185966492 0.05700000002980232
Q:/r: 0.21799999475479126 0.5040000081062317 0.2770000100135803
Q:/rr: 0.0 0.7799999713897705 0.2199999988079071
QJ:/cc/: 0.765999972820282 0.23399999737739563 0.0
QJ:/cc/c: 0.6769999861717224 0.3230000138282776 0.0
QJ:/cc/cr: 0.37700000405311584 0.4480000138282776 0.17499999701976776
QJ:/cc/crr: 0.0 0.7609999775886536 0.23899999260902405
QJ:/cc/r: 0.6439999938011169 0.27300000190734863 0.08299999684095383
QJ:/cc/rr: 0.0 0.8389999866485596 0.16099999845027924
QJ:/crc/: 0.8370000123977661 0.16300000250339508 0.0
QJ:/crc/c: 0.7850000262260437 0.2150000035762787 0.0
QJ:/crc/cr: 0.4740000069141388 0.4560000002384186 0.0689999982714653
QJ:/crc/crr: 0.0 0.8629999756813049 0.13699999451637268
QJ:/crc/r: 0.6029999852180481 0.3610000014305115 0.035999998450279236
QJ:/crc/rr: 0.0 0.9789999723434448 0.020999999716877937
QJ:/crrc/: 0.7929999828338623 0.2070000022649765 0.0
QJ:/crrc/c: 0.6610000133514404 0.33899998664855957 0.0
QJ:/crrc/cr: 0.36500000953674316 0.5450000166893005 0.09000000357627869
QJ:/crrc/crr: 0.0 0.8960000276565552 0.10400000214576721
QJ:/crrc/r: 0.6859999895095825 0.2750000059604645 0.039000000804662704
QJ:/crrc/rr: 0.0 0.9620000123977661 0.03799999877810478
QJ:/rc/: 0.7210000157356262 0.27900001406669617 0.0
QJ:/rc/c: 0.6669999957084656 0.3330000042915344 0.0
QJ:/rc/cr: 0.2669999897480011 0.5099999904632568 0.2240000069141388
QJ:/rc/crr: 0.0 0.7129999995231628 0.28700000047683716
QJ:/rc/r: 0.5130000114440918 0.3499999940395355 0.13699999451637268
QJ:/rc/rr: 0.0 0.8410000205039978 0.1589999943971634
QJ:/rrc/: 0.7900000214576721 0.20999999344348907 0.0
QJ:/rrc/c: 0.7210000157356262 0.27900001406669617 0.0
QJ:/rrc/cr: 0.29600000381469727 0.5809999704360962 0.12300000339746475
QJ:/rrc/crr: 0.0 0.7730000019073486 0.22699999809265137
QJ:/rrc/r: 0.5139999985694885 0.43799999356269836 0.04800000041723251
QJ:/rrc/rr: 0.0 0.9649999737739563 0.03500000014901161
QK:/cc/: 0.7950000166893005 0.20499999821186066 0.0
QK:/cc/c: 0.746999979019165 0.2529999911785126 0.0
QK:/cc/cr: 0.48899999260902405 0.3880000114440918 0.12399999797344208
QK:/cc/crr: 0.0 0.7689999938011169 0.23100000619888306
QK:/cc/r: 0.6029999852180481 0.2939999997615814 0.10400000214576721
QK:/cc/rr: 0.0 0.8799999952316284 0.11999999731779099
QK:/crc/: 0.8299999833106995 0.17000000178813934 0.0
QK:/crc/c: 0.7979999780654907 0.20200000703334808 0.0
QK:/crc/cr: 0.5 0.45500001311302185 0.04500000178813934
QK:/crc/crr: 0.0 0.9010000228881836 0.0989999994635582
QK:/crc/r: 0.5910000205039978 0.375 0.03400000184774399
QK:/crc/rr: 0.0 0.9860000014305115 0.014000000432133675
QK:/crrc/: 0.7599999904632568 0.23999999463558197 0.0
QK:/crrc/c: 0.6399999856948853 0.36000001430511475 0.0
QK:/crrc/cr: 0.42500001192092896 0.5460000038146973 0.028999999165534973
QK:/crrc/crr: 0.0 0.9480000138282776 0.052000001072883606
QK:/crrc/r: 0.6729999780654907 0.31200000643730164 0.014999999664723873
QK:/crrc/rr: 0.0 0.9860000014305115 0.014000000432133675
QK:/rc/: 0.6869999766349792 0.31299999356269836 0.0
QK:/rc/c: 0.6980000138282776 0.3019999861717224 0.0
QK:/rc/cr: 0.37599998712539673 0.5 0.12399999797344208
QK:/rc/crr: 0.0 0.7580000162124634 0.24199999868869781
QK:/rc/r: 0.46299999952316284 0.4009999930858612 0.13600000739097595
QK:/rc/rr: 0.0 0.9369999766349792 0.06300000101327896
QK:/rrc/: 0.7379999756813049 0.2619999945163727 0.0
QK:/rrc/c: 0.6320000290870667 0.36800000071525574 0.0
QK:/rrc/cr: 0.3959999978542328 0.5479999780654907 0.0560000017285347
QK:/rrc/crr: 0.0 0.859000027179718 0.14100000262260437
QK:/rrc/r: 0.4729999899864197 0.4819999933242798 0.04500000178813934
QK:/rrc/rr: 0.0 0.9829999804496765 0.017000000923871994
QQ:/cc/: 0.7519999742507935 0.24799999594688416 0.0
QQ:/cc/c: 0.6990000009536743 0.3009999990463257 0.0
QQ:/cc/cr: 0.2800000011920929 0.5410000085830688 0.18000000715255737
QQ:/cc/crr: 0.0 0.7570000290870667 0.24300000071525574
QQ:/cc/r: 0.4650000035762787 0.38199999928474426 0.15299999713897705
QQ:/cc/rr: 0.0 0.8610000014305115 0.13899999856948853
QQ:/crc/: 0.8149999976158142 0.1850000023841858 0.0
QQ:/crc/c: 0.7710000276565552 0.2290000021457672 0.0
QQ:/crc/cr: 0.3970000147819519 0.5630000233650208 0.03999999910593033
QQ:/crc/crr: 0.0 0.9300000071525574 0.07000000029802322
QQ:/crc/r: 0.49000000953674316 0.49000000953674316 0.019999999552965164
QQ:/crc/rr: 0.0 0.9879999756813049 0.012000000104308128
QQ:/crrc/: 0.6869999766349792 0.31299999356269836 0.0
QQ:/crrc/c: 0.574999988079071 0.42500001192092896 0.0
QQ:/crrc/cr: 0.19099999964237213 0.7450000047683716 0.06300000101327896
QQ:/crrc/crr: 0.0 0.9390000104904175 0.061000000685453415
QQ:/crrc/r: 0.4410000145435333 0.5139999985694885 0.04500000178813934
QQ:/crrc/rr: 0.0 0.9819999933242798 0.017999999225139618
QQ:/rc/: 0.6669999957084656 0.3330000042915344 0.0
QQ:/rc/c: 0.6449999809265137 0.35499998927116394 0.0
QQ:/rc/cr: 0.2290000021457672 0.5870000123977661 0.1850000023841858
QQ:/rc/crr: 0.0 0.699999988079071 0.30000001192092896
QQ:/rc/r: 0.37599998712539673 0.4880000054836273 0.13600000739097595
QQ:/rc/rr: 0.0 0.9089999794960022 0.09099999815225601
QQ:/rrc/: 0.6679999828338623 0.3319999873638153 0.0
QQ:/rrc/c: 0.5680000185966492 0.4320000112056732 0.0
QQ:/rrc/cr: 0.25 0.6769999861717224 0.0729999989271164
QQ:/rrc/crr: 0.0 0.875 0.125
QQ:/rrc/r: 0.43700000643730164 0.5320000052452087 0.03099999949336052
QQ:/rrc/rr: 0.0 0.984000027179718 0.01600000075995922
